Feel free to place comments here.


!!!!!!!!!!!!!!!!!!!!!!!!!!!!!!!!!!!!!!!!!!!!!!!!!!!!!!!!!!!!!!!!!!!!!!!!!
!!! Warning:  This is a KLT data file.  Do not modify below this line !!!

------------------------------
KLT Feature Table
------------------------------

nFrames = 10, nFeatures = 150

feature |          frame
        |                   0                   1                   2                   3                   4                   5                   6                   7                   8                   9
--------+---------------------------------------------------------------------------------------------------------------------------------------------------------------------------------------------------------
      0 | ( 77.0, 66.0)=58602 ( -1.0, -1.0)=   -5 ( -1.0, -1.0)=   -5 ( -1.0, -1.0)=   -5 ( -1.0, -1.0)=   -5 ( -1.0, -1.0)=   -5 ( -1.0, -1.0)=   -5 ( -1.0, -1.0)=   -5 ( -1.0, -1.0)=   -5 ( -1.0, -1.0)=   -5 
      1 | ( 82.0, 77.0)=58288 ( -1.0, -1.0)=   -5 ( -1.0, -1.0)=   -5 ( -1.0, -1.0)=   -5 ( -1.0, -1.0)=   -5 ( -1.0, -1.0)=   -5 ( -1.0, -1.0)=   -5 ( -1.0, -1.0)=   -5 ( -1.0, -1.0)=   -5 ( -1.0, -1.0)=   -5 
      2 | (273.0,109.0)=34862 ( -1.0, -1.0)=   -5 ( -1.0, -1.0)=   -5 ( -1.0, -1.0)=   -5 ( -1.0, -1.0)=   -5 ( -1.0, -1.0)=   -5 ( -1.0, -1.0)=   -5 ( -1.0, -1.0)=   -5 ( -1.0, -1.0)=   -5 ( -1.0, -1.0)=   -5 
      3 | (125.0,205.0)=34664 (126.6,189.3)=    0 (118.0,204.9)=    0 ( -1.0, -1.0)=   -5 ( -1.0, -1.0)=   -5 ( -1.0, -1.0)=   -5 ( -1.0, -1.0)=   -5 ( -1.0, -1.0)=   -5 ( -1.0, -1.0)=   -5 ( -1.0, -1.0)=   -5 
      4 | (285.0,205.0)=33803 ( -1.0, -1.0)=   -4 ( -1.0, -1.0)=   -4 ( -1.0, -1.0)=   -4 ( -1.0, -1.0)=   -4 ( -1.0, -1.0)=   -4 ( -1.0, -1.0)=   -4 ( -1.0, -1.0)=   -4 ( -1.0, -1.0)=   -4 ( -1.0, -1.0)=   -4 
      5 | (131.0,194.0)=32975 (132.5,177.9)=    0 ( -1.0, -1.0)=   -5 ( -1.0, -1.0)=   -5 ( -1.0, -1.0)=   -5 ( -1.0, -1.0)=   -5 ( -1.0, -1.0)=   -5 ( -1.0, -1.0)=   -5 ( -1.0, -1.0)=   -5 ( -1.0, -1.0)=   -5 
      6 | (260.0,146.0)=30003 (256.4,146.0)=    0 (253.4,146.4)=    0 ( -1.0, -1.0)=   -5 ( -1.0, -1.0)=   -5 ( -1.0, -1.0)=   -5 ( -1.0, -1.0)=   -5 ( -1.0, -1.0)=   -5 ( -1.0, -1.0)=   -5 ( -1.0, -1.0)=   -5 
      7 | (277.0, 82.0)=26730 ( -1.0, -1.0)=   -4 ( -1.0, -1.0)=   -4 ( -1.0, -1.0)=   -4 ( -1.0, -1.0)=   -4 ( -1.0, -1.0)=   -4 ( -1.0, -1.0)=   -4 ( -1.0, -1.0)=   -4 ( -1.0, -1.0)=   -4 ( -1.0, -1.0)=   -4 
      8 | (279.0, 93.0)=26543 ( -1.0, -1.0)=   -4 ( -1.0, -1.0)=   -4 ( -1.0, -1.0)=   -4 ( -1.0, -1.0)=   -4 ( -1.0, -1.0)=   -4 ( -1.0, -1.0)=   -4 ( -1.0, -1.0)=   -4 ( -1.0, -1.0)=   -4 ( -1.0, -1.0)=   -4 
      9 | ( 26.0,146.0)=26028 ( -1.0, -1.0)=   -4 ( -1.0, -1.0)=   -4 ( -1.0, -1.0)=   -4 ( -1.0, -1.0)=   -4 ( -1.0, -1.0)=   -4 ( -1.0, -1.0)=   -4 ( -1.0, -1.0)=   -4 ( -1.0, -1.0)=   -4 ( -1.0, -1.0)=   -4 
     10 | (251.0, 94.0)=25917 ( -1.0, -1.0)=   -4 ( -1.0, -1.0)=   -4 ( -1.0, -1.0)=   -4 ( -1.0, -1.0)=   -4 ( -1.0, -1.0)=   -4 ( -1.0, -1.0)=   -4 ( -1.0, -1.0)=   -4 ( -1.0, -1.0)=   -4 ( -1.0, -1.0)=   -4 
     11 | (104.0,129.0)=25737 (101.0,129.0)=    0 ( -1.0, -1.0)=   -5 ( -1.0, -1.0)=   -5 ( -1.0, -1.0)=   -5 ( -1.0, -1.0)=   -5 ( -1.0, -1.0)=   -5 ( -1.0, -1.0)=   -5 ( -1.0, -1.0)=   -5 ( -1.0, -1.0)=   -5 
     12 | (141.0,109.0)=23834 ( -1.0, -1.0)=   -5 ( -1.0, -1.0)=   -5 ( -1.0, -1.0)=   -5 ( -1.0, -1.0)=   -5 ( -1.0, -1.0)=   -5 ( -1.0, -1.0)=   -5 ( -1.0, -1.0)=   -5 ( -1.0, -1.0)=   -5 ( -1.0, -1.0)=   -5 
     13 | (261.0, 66.0)=20032 ( -1.0, -1.0)=   -5 ( -1.0, -1.0)=   -5 ( -1.0, -1.0)=   -5 ( -1.0, -1.0)=   -5 ( -1.0, -1.0)=   -5 ( -1.0, -1.0)=   -5 ( -1.0, -1.0)=   -5 ( -1.0, -1.0)=   -5 ( -1.0, -1.0)=   -5 
     14 | ( 95.0,178.0)=19863 ( -1.0, -1.0)=   -5 ( -1.0, -1.0)=   -5 ( -1.0, -1.0)=   -5 ( -1.0, -1.0)=   -5 ( -1.0, -1.0)=   -5 ( -1.0, -1.0)=   -5 ( -1.0, -1.0)=   -5 ( -1.0, -1.0)=   -5 ( -1.0, -1.0)=   -5 
     15 | (253.0,109.0)=19833 ( -1.0, -1.0)=   -5 ( -1.0, -1.0)=   -5 ( -1.0, -1.0)=   -5 ( -1.0, -1.0)=   -5 ( -1.0, -1.0)=   -5 ( -1.0, -1.0)=   -5 ( -1.0, -1.0)=   -5 ( -1.0, -1.0)=   -5 ( -1.0, -1.0)=   -5 
     16 | ( 92.0, 93.0)=19476 ( -1.0, -1.0)=   -4 ( -1.0, -1.0)=   -4 ( -1.0, -1.0)=   -4 ( -1.0, -1.0)=   -4 ( -1.0, -1.0)=   -4 ( -1.0, -1.0)=   -4 ( -1.0, -1.0)=   -4 ( -1.0, -1.0)=   -4 ( -1.0, -1.0)=   -4 
     17 | (287.0, 82.0)=18357 ( -1.0, -1.0)=   -4 ( -1.0, -1.0)=   -4 ( -1.0, -1.0)=   -4 ( -1.0, -1.0)=   -4 ( -1.0, -1.0)=   -4 ( -1.0, -1.0)=   -4 ( -1.0, -1.0)=   -4 ( -1.0, -1.0)=   -4 ( -1.0, -1.0)=   -4 
     18 | ( 66.0, 67.0)=17645 ( -1.0, -1.0)=   -5 ( -1.0, -1.0)=   -5 ( -1.0, -1.0)=   -5 ( -1.0, -1.0)=   -5 ( -1.0, -1.0)=   -5 ( -1.0, -1.0)=   -5 ( -1.0, -1.0)=   -5 ( -1.0, -1.0)=   -5 ( -1.0, -1.0)=   -5 
     19 | (175.0,114.0)=16813 (166.5,123.1)=    0 ( -1.0, -1.0)=   -3 ( -1.0, -1.0)=   -3 ( -1.0, -1.0)=   -3 ( -1.0, -1.0)=   -3 ( -1.0, -1.0)=   -3 ( -1.0, -1.0)=   -3 ( -1.0, -1.0)=   -3 ( -1.0, -1.0)=   -3 
     20 | (132.0,157.0)=16206 ( -1.0, -1.0)=   -2 ( -1.0, -1.0)=   -2 ( -1.0, -1.0)=   -2 ( -1.0, -1.0)=   -2 ( -1.0, -1.0)=   -2 ( -1.0, -1.0)=   -2 ( -1.0, -1.0)=   -2 ( -1.0, -1.0)=   -2 ( -1.0, -1.0)=   -2 
     21 | (251.0, 80.0)=15573 ( -1.0, -1.0)=   -5 ( -1.0, -1.0)=   -5 ( -1.0, -1.0)=   -5 ( -1.0, -1.0)=   -5 ( -1.0, -1.0)=   -5 ( -1.0, -1.0)=   -5 ( -1.0, -1.0)=   -5 ( -1.0, -1.0)=   -5 ( -1.0, -1.0)=   -5 
     22 | (275.0, 65.0)=15144 (274.8, 65.2)=    0 ( -1.0, -1.0)=   -5 ( -1.0, -1.0)=   -5 ( -1.0, -1.0)=   -5 ( -1.0, -1.0)=   -5 ( -1.0, -1.0)=   -5 ( -1.0, -1.0)=   -5 ( -1.0, -1.0)=   -5 ( -1.0, -1.0)=   -5 
     23 | (283.0,114.0)=15003 ( -1.0, -1.0)=   -5 ( -1.0, -1.0)=   -5 ( -1.0, -1.0)=   -5 ( -1.0, -1.0)=   -5 ( -1.0, -1.0)=   -5 ( -1.0, -1.0)=   -5 ( -1.0, -1.0)=   -5 ( -1.0, -1.0)=   -5 ( -1.0, -1.0)=   -5 
     24 | (237.0,177.0)=14973 ( -1.0, -1.0)=   -5 ( -1.0, -1.0)=   -5 ( -1.0, -1.0)=   -5 ( -1.0, -1.0)=   -5 ( -1.0, -1.0)=   -5 ( -1.0, -1.0)=   -5 ( -1.0, -1.0)=   -5 ( -1.0, -1.0)=   -5 ( -1.0, -1.0)=   -5 
     25 | (141.0,189.0)=14683 (143.3,173.2)=    0 (135.0,189.2)=    0 ( -1.0, -1.0)=   -5 ( -1.0, -1.0)=   -5 ( -1.0, -1.0)=   -5 ( -1.0, -1.0)=   -5 ( -1.0, -1.0)=   -5 ( -1.0, -1.0)=   -5 ( -1.0, -1.0)=   -5 
     26 | (221.0,189.0)=14468 ( -1.0, -1.0)=   -5 ( -1.0, -1.0)=   -5 ( -1.0, -1.0)=   -5 ( -1.0, -1.0)=   -5 ( -1.0, -1.0)=   -5 ( -1.0, -1.0)=   -5 ( -1.0, -1.0)=   -5 ( -1.0, -1.0)=   -5 ( -1.0, -1.0)=   -5 
     27 | (243.0,109.0)=14438 ( -1.0, -1.0)=   -5 ( -1.0, -1.0)=   -5 ( -1.0, -1.0)=   -5 ( -1.0, -1.0)=   -5 ( -1.0, -1.0)=   -5 ( -1.0, -1.0)=   -5 ( -1.0, -1.0)=   -5 ( -1.0, -1.0)=   -5 ( -1.0, -1.0)=   -5 
     28 | (171.0,125.0)=13999 ( -1.0, -1.0)=   -5 ( -1.0, -1.0)=   -5 ( -1.0, -1.0)=   -5 ( -1.0, -1.0)=   -5 ( -1.0, -1.0)=   -5 ( -1.0, -1.0)=   -5 ( -1.0, -1.0)=   -5 ( -1.0, -1.0)=   -5 ( -1.0, -1.0)=   -5 
     29 | (101.0,210.0)=13712 ( -1.0, -1.0)=   -4 ( -1.0, -1.0)=   -4 ( -1.0, -1.0)=   -4 ( -1.0, -1.0)=   -4 ( -1.0, -1.0)=   -4 ( -1.0, -1.0)=   -4 ( -1.0, -1.0)=   -4 ( -1.0, -1.0)=   -4 ( -1.0, -1.0)=   -4 
     30 | ( 55.0, 61.0)=13511 ( 53.1, 60.6)=    0 ( 50.7, 76.5)=    0 ( 50.7, 76.5)=    0 ( 50.7, 76.5)=    0 ( 40.9, 60.5)=    0 ( 38.3, 60.5)=    0 ( 36.7, 60.5)=    0 ( 33.2, 60.6)=    0 ( -1.0, -1.0)=   -5 
     31 | (210.0,194.0)=13431 ( -1.0, -1.0)=   -5 ( -1.0, -1.0)=   -5 ( -1.0, -1.0)=   -5 ( -1.0, -1.0)=   -5 ( -1.0, -1.0)=   -5 ( -1.0, -1.0)=   -5 ( -1.0, -1.0)=   -5 ( -1.0, -1.0)=   -5 ( -1.0, -1.0)=   -5 
     32 | (145.0,173.0)=13372 ( -1.0, -1.0)=   -3 ( -1.0, -1.0)=   -3 ( -1.0, -1.0)=   -3 ( -1.0, -1.0)=   -3 ( -1.0, -1.0)=   -3 ( -1.0, -1.0)=   -3 ( -1.0, -1.0)=   -3 ( -1.0, -1.0)=   -3 ( -1.0, -1.0)=   -3 
     33 | (287.0,161.0)=12927 ( -1.0, -1.0)=   -2 ( -1.0, -1.0)=   -2 ( -1.0, -1.0)=   -2 ( -1.0, -1.0)=   -2 ( -1.0, -1.0)=   -2 ( -1.0, -1.0)=   -2 ( -1.0, -1.0)=   -2 ( -1.0, -1.0)=   -2 ( -1.0, -1.0)=   -2 
     34 | ( 55.0, 34.0)=12823 ( -1.0, -1.0)=   -4 ( -1.0, -1.0)=   -4 ( -1.0, -1.0)=   -4 ( -1.0, -1.0)=   -4 ( -1.0, -1.0)=   -4 ( -1.0, -1.0)=   -4 ( -1.0, -1.0)=   -4 ( -1.0, -1.0)=   -4 ( -1.0, -1.0)=   -4 
     35 | (295.0,111.0)=12543 ( -1.0, -1.0)=   -4 ( -1.0, -1.0)=   -4 ( -1.0, -1.0)=   -4 ( -1.0, -1.0)=   -4 ( -1.0, -1.0)=   -4 ( -1.0, -1.0)=   -4 ( -1.0, -1.0)=   -4 ( -1.0, -1.0)=   -4 ( -1.0, -1.0)=   -4 
     36 | ( 81.0, 32.0)=12526 ( -1.0, -1.0)=   -4 ( -1.0, -1.0)=   -4 ( -1.0, -1.0)=   -4 ( -1.0, -1.0)=   -4 ( -1.0, -1.0)=   -4 ( -1.0, -1.0)=   -4 ( -1.0, -1.0)=   -4 ( -1.0, -1.0)=   -4 ( -1.0, -1.0)=   -4 
     37 | (214.0,210.0)=12275 ( -1.0, -1.0)=   -4 ( -1.0, -1.0)=   -4 ( -1.0, -1.0)=   -4 ( -1.0, -1.0)=   -4 ( -1.0, -1.0)=   -4 ( -1.0, -1.0)=   -4 ( -1.0, -1.0)=   -4 ( -1.0, -1.0)=   -4 ( -1.0, -1.0)=   -4 
     38 | (178.0, 34.0)=12146 ( -1.0, -1.0)=   -4 ( -1.0, -1.0)=   -4 ( -1.0, -1.0)=   -4 ( -1.0, -1.0)=   -4 ( -1.0, -1.0)=   -4 ( -1.0, -1.0)=   -4 ( -1.0, -1.0)=   -4 ( -1.0, -1.0)=   -4 ( -1.0, -1.0)=   -4 
     39 | (115.0,210.0)=11954 ( -1.0, -1.0)=   -5 ( -1.0, -1.0)=   -5 ( -1.0, -1.0)=   -5 ( -1.0, -1.0)=   -5 ( -1.0, -1.0)=   -5 ( -1.0, -1.0)=   -5 ( -1.0, -1.0)=   -5 ( -1.0, -1.0)=   -5 ( -1.0, -1.0)=   -5 
     40 | (226.0,178.0)=11591 ( -1.0, -1.0)=   -5 ( -1.0, -1.0)=   -5 ( -1.0, -1.0)=   -5 ( -1.0, -1.0)=   -5 ( -1.0, -1.0)=   -5 ( -1.0, -1.0)=   -5 ( -1.0, -1.0)=   -5 ( -1.0, -1.0)=   -5 ( -1.0, -1.0)=   -5 
     41 | (198.0, 34.0)=11489 ( -1.0, -1.0)=   -4 ( -1.0, -1.0)=   -4 ( -1.0, -1.0)=   -4 ( -1.0, -1.0)=   -4 ( -1.0, -1.0)=   -4 ( -1.0, -1.0)=   -4 ( -1.0, -1.0)=   -4 ( -1.0, -1.0)=   -4 ( -1.0, -1.0)=   -4 
     42 | (264.0, 96.0)=11269 ( -1.0, -1.0)=   -2 ( -1.0, -1.0)=   -2 ( -1.0, -1.0)=   -2 ( -1.0, -1.0)=   -2 ( -1.0, -1.0)=   -2 ( -1.0, -1.0)=   -2 ( -1.0, -1.0)=   -2 ( -1.0, -1.0)=   -2 ( -1.0, -1.0)=   -2 
     43 | (115.0,112.0)=11173 ( -1.0, -1.0)=   -5 ( -1.0, -1.0)=   -5 ( -1.0, -1.0)=   -5 ( -1.0, -1.0)=   -5 ( -1.0, -1.0)=   -5 ( -1.0, -1.0)=   -5 ( -1.0, -1.0)=   -5 ( -1.0, -1.0)=   -5 ( -1.0, -1.0)=   -5 
     44 | (269.0,211.0)=10680 ( -1.0, -1.0)=   -5 ( -1.0, -1.0)=   -5 ( -1.0, -1.0)=   -5 ( -1.0, -1.0)=   -5 ( -1.0, -1.0)=   -5 ( -1.0, -1.0)=   -5 ( -1.0, -1.0)=   -5 ( -1.0, -1.0)=   -5 ( -1.0, -1.0)=   -5 
     45 | (114.0,127.0)=10506 ( -1.0, -1.0)=   -5 ( -1.0, -1.0)=   -5 ( -1.0, -1.0)=   -5 ( -1.0, -1.0)=   -5 ( -1.0, -1.0)=   -5 ( -1.0, -1.0)=   -5 ( -1.0, -1.0)=   -5 ( -1.0, -1.0)=   -5 ( -1.0, -1.0)=   -5 
     46 | (225.0,209.0)=10412 ( -1.0, -1.0)=   -4 ( -1.0, -1.0)=   -4 ( -1.0, -1.0)=   -4 ( -1.0, -1.0)=   -4 ( -1.0, -1.0)=   -4 ( -1.0, -1.0)=   -4 ( -1.0, -1.0)=   -4 ( -1.0, -1.0)=   -4 ( -1.0, -1.0)=   -4 
     47 | (113.0, 34.0)=10410 ( -1.0, -1.0)=   -4 ( -1.0, -1.0)=   -4 ( -1.0, -1.0)=   -4 ( -1.0, -1.0)=   -4 ( -1.0, -1.0)=   -4 ( -1.0, -1.0)=   -4 ( -1.0, -1.0)=   -4 ( -1.0, -1.0)=   -4 ( -1.0, -1.0)=   -4 
     48 | (162.0,205.0)=10282 ( -1.0, -1.0)=   -4 ( -1.0, -1.0)=   -4 ( -1.0, -1.0)=   -4 ( -1.0, -1.0)=   -4 ( -1.0, -1.0)=   -4 ( -1.0, -1.0)=   -4 ( -1.0, -1.0)=   -4 ( -1.0, -1.0)=   -4 ( -1.0, -1.0)=   -4 
     49 | ( 89.0, 45.0)=10188 ( 86.3, 44.9)=    0 ( 83.5, 44.9)=    0 ( 83.7, 45.0)=    0 ( 81.9, 45.0)=    0 ( -1.0, -1.0)=   -4 ( -1.0, -1.0)=   -4 ( -1.0, -1.0)=   -4 ( -1.0, -1.0)=   -4 ( -1.0, -1.0)=   -4 
     50 | (144.0, 97.0)=10090 ( -1.0, -1.0)=   -2 ( -1.0, -1.0)=   -2 ( -1.0, -1.0)=   -2 ( -1.0, -1.0)=   -2 ( -1.0, -1.0)=   -2 ( -1.0, -1.0)=   -2 ( -1.0, -1.0)=   -2 ( -1.0, -1.0)=   -2 ( -1.0, -1.0)=   -2 
     51 | (282.0,146.0)=10051 ( -1.0, -1.0)=   -5 ( -1.0, -1.0)=   -5 ( -1.0, -1.0)=   -5 ( -1.0, -1.0)=   -5 ( -1.0, -1.0)=   -5 ( -1.0, -1.0)=   -5 ( -1.0, -1.0)=   -5 ( -1.0, -1.0)=   -5 ( -1.0, -1.0)=   -5 
     52 | (164.0, 62.0)= 9776 (163.7, 68.0)=    0 (162.6, 67.9)=    0 ( -1.0, -1.0)=   -3 ( -1.0, -1.0)=   -3 ( -1.0, -1.0)=   -3 ( -1.0, -1.0)=   -3 ( -1.0, -1.0)=   -3 ( -1.0, -1.0)=   -3 ( -1.0, -1.0)=   -3 
     53 | (153.0,146.0)= 9003 (150.6,146.0)=    0 (165.3,129.8)=    0 (160.9,129.9)=    0 (157.9,129.8)=    0 ( -1.0, -1.0)=   -5 ( -1.0, -1.0)=   -5 ( -1.0, -1.0)=   -5 ( -1.0, -1.0)=   -5 ( -1.0, -1.0)=   -5 
     54 | (149.0,162.0)= 8752 ( -1.0, -1.0)=   -2 ( -1.0, -1.0)=   -2 ( -1.0, -1.0)=   -2 ( -1.0, -1.0)=   -2 ( -1.0, -1.0)=   -2 ( -1.0, -1.0)=   -2 ( -1.0, -1.0)=   -2 ( -1.0, -1.0)=   -2 ( -1.0, -1.0)=   -2 
     55 | (241.0, 77.0)= 8331 (275.1, 77.2)=    0 (273.5, 77.3)=    0 ( -1.0, -1.0)=   -5 ( -1.0, -1.0)=   -5 ( -1.0, -1.0)=   -5 ( -1.0, -1.0)=   -5 ( -1.0, -1.0)=   -5 ( -1.0, -1.0)=   -5 ( -1.0, -1.0)=   -5 
     56 | ( 61.0, 78.0)= 8256 ( -1.0, -1.0)=   -5 ( -1.0, -1.0)=   -5 ( -1.0, -1.0)=   -5 ( -1.0, -1.0)=   -5 ( -1.0, -1.0)=   -5 ( -1.0, -1.0)=   -5 ( -1.0, -1.0)=   -5 ( -1.0, -1.0)=   -5 ( -1.0, -1.0)=   -5 
     57 | (289.0, 94.0)= 8227 ( -1.0, -1.0)=   -4 ( -1.0, -1.0)=   -4 ( -1.0, -1.0)=   -4 ( -1.0, -1.0)=   -4 ( -1.0, -1.0)=   -4 ( -1.0, -1.0)=   -4 ( -1.0, -1.0)=   -4 ( -1.0, -1.0)=   -4 ( -1.0, -1.0)=   -4 
     58 | (140.0, 49.0)= 8211 ( -1.0, -1.0)=   -3 ( -1.0, -1.0)=   -3 ( -1.0, -1.0)=   -3 ( -1.0, -1.0)=   -3 ( -1.0, -1.0)=   -3 ( -1.0, -1.0)=   -3 ( -1.0, -1.0)=   -3 ( -1.0, -1.0)=   -3 ( -1.0, -1.0)=   -3 
     59 | (163.0,141.0)= 7906 (164.0,140.9)=    0 (157.6,140.9)=    0 (164.0,124.8)=    0 (160.6,124.8)=    0 ( -1.0, -1.0)=   -5 ( -1.0, -1.0)=   -5 ( -1.0, -1.0)=   -5 ( -1.0, -1.0)=   -5 ( -1.0, -1.0)=   -5 
     60 | ( 89.0,206.0)= 7833 ( -1.0, -1.0)=   -5 ( -1.0, -1.0)=   -5 ( -1.0, -1.0)=   -5 ( -1.0, -1.0)=   -5 ( -1.0, -1.0)=   -5 ( -1.0, -1.0)=   -5 ( -1.0, -1.0)=   -5 ( -1.0, -1.0)=   -5 ( -1.0, -1.0)=   -5 
     61 | (259.0,190.0)= 7669 (255.8,189.0)=    0 ( -1.0, -1.0)=   -5 ( -1.0, -1.0)=   -5 ( -1.0, -1.0)=   -5 ( -1.0, -1.0)=   -5 ( -1.0, -1.0)=   -5 ( -1.0, -1.0)=   -5 ( -1.0, -1.0)=   -5 ( -1.0, -1.0)=   -5 
     62 | ( 39.0,205.0)= 7645 ( -1.0, -1.0)=   -4 ( -1.0, -1.0)=   -4 ( -1.0, -1.0)=   -4 ( -1.0, -1.0)=   -4 ( -1.0, -1.0)=   -4 ( -1.0, -1.0)=   -4 ( -1.0, -1.0)=   -4 ( -1.0, -1.0)=   -4 ( -1.0, -1.0)=   -4 
     63 | ( 34.0, 66.0)= 7063 ( 34.0, 65.9)=    0 ( 34.1, 66.1)=    0 ( 34.0, 65.9)=    0 ( 33.9, 65.9)=    0 ( 33.9, 66.0)=    0 ( 33.7, 66.5)=    0 ( 34.1, 66.7)=    0 ( 34.5, 66.8)=    0 ( 34.6, 66.8)=    0 
     64 | (209.0, 77.0)= 6878 ( -1.0, -1.0)=   -5 ( -1.0, -1.0)=   -5 ( -1.0, -1.0)=   -5 ( -1.0, -1.0)=   -5 ( -1.0, -1.0)=   -5 ( -1.0, -1.0)=   -5 ( -1.0, -1.0)=   -5 ( -1.0, -1.0)=   -5 ( -1.0, -1.0)=   -5 
     65 | ( 73.0,130.0)= 6819 ( 67.1,131.3)=    0 ( -1.0, -1.0)=   -3 ( -1.0, -1.0)=   -3 ( -1.0, -1.0)=   -3 ( -1.0, -1.0)=   -3 ( -1.0, -1.0)=   -3 ( -1.0, -1.0)=   -3 ( -1.0, -1.0)=   -3 ( -1.0, -1.0)=   -3 
     66 | ( 93.0,113.0)= 6678 ( -1.0, -1.0)=   -5 ( -1.0, -1.0)=   -5 ( -1.0, -1.0)=   -5 ( -1.0, -1.0)=   -5 ( -1.0, -1.0)=   -5 ( -1.0, -1.0)=   -5 ( -1.0, -1.0)=   -5 ( -1.0, -1.0)=   -5 ( -1.0, -1.0)=   -5 
     67 | (173.0, 46.0)= 6600 ( -1.0, -1.0)=   -5 ( -1.0, -1.0)=   -5 ( -1.0, -1.0)=   -5 ( -1.0, -1.0)=   -5 ( -1.0, -1.0)=   -5 ( -1.0, -1.0)=   -5 ( -1.0, -1.0)=   -5 ( -1.0, -1.0)=   -5 ( -1.0, -1.0)=   -5 
     68 | (184.0, 93.0)= 6520 ( -1.0, -1.0)=   -4 ( -1.0, -1.0)=   -4 ( -1.0, -1.0)=   -4 ( -1.0, -1.0)=   -4 ( -1.0, -1.0)=   -4 ( -1.0, -1.0)=   -4 ( -1.0, -1.0)=   -4 ( -1.0, -1.0)=   -4 ( -1.0, -1.0)=   -4 
     69 | (238.0,205.0)= 6304 ( -1.0, -1.0)=   -5 ( -1.0, -1.0)=   -5 ( -1.0, -1.0)=   -5 ( -1.0, -1.0)=   -5 ( -1.0, -1.0)=   -5 ( -1.0, -1.0)=   -5 ( -1.0, -1.0)=   -5 ( -1.0, -1.0)=   -5 ( -1.0, -1.0)=   -5 
     70 | (129.0, 99.0)= 6131 ( -1.0, -1.0)=   -2 ( -1.0, -1.0)=   -2 ( -1.0, -1.0)=   -2 ( -1.0, -1.0)=   -2 ( -1.0, -1.0)=   -2 ( -1.0, -1.0)=   -2 ( -1.0, -1.0)=   -2 ( -1.0, -1.0)=   -2 ( -1.0, -1.0)=   -2 
     71 | (110.0,143.0)= 6097 ( -1.0, -1.0)=   -5 ( -1.0, -1.0)=   -5 ( -1.0, -1.0)=   -5 ( -1.0, -1.0)=   -5 ( -1.0, -1.0)=   -5 ( -1.0, -1.0)=   -5 ( -1.0, -1.0)=   -5 ( -1.0, -1.0)=   -5 ( -1.0, -1.0)=   -5 
     72 | (141.0, 62.0)= 5825 ( -1.0, -1.0)=   -5 ( -1.0, -1.0)=   -5 ( -1.0, -1.0)=   -5 ( -1.0, -1.0)=   -5 ( -1.0, -1.0)=   -5 ( -1.0, -1.0)=   -5 ( -1.0, -1.0)=   -5 ( -1.0, -1.0)=   -5 ( -1.0, -1.0)=   -5 
     73 | (146.0,210.0)= 5707 ( -1.0, -1.0)=   -5 ( -1.0, -1.0)=   -5 ( -1.0, -1.0)=   -5 ( -1.0, -1.0)=   -5 ( -1.0, -1.0)=   -5 ( -1.0, -1.0)=   -5 ( -1.0, -1.0)=   -5 ( -1.0, -1.0)=   -5 ( -1.0, -1.0)=   -5 
     74 | ( 57.0,129.0)= 5539 ( 52.2,128.5)=    0 ( -1.0, -1.0)=   -5 ( -1.0, -1.0)=   -5 ( -1.0, -1.0)=   -5 ( -1.0, -1.0)=   -5 ( -1.0, -1.0)=   -5 ( -1.0, -1.0)=   -5 ( -1.0, -1.0)=   -5 ( -1.0, -1.0)=   -5 
     75 | (273.0, 45.0)= 5303 ( -1.0, -1.0)=   -5 ( -1.0, -1.0)=   -5 ( -1.0, -1.0)=   -5 ( -1.0, -1.0)=   -5 ( -1.0, -1.0)=   -5 ( -1.0, -1.0)=   -5 ( -1.0, -1.0)=   -5 ( -1.0, -1.0)=   -5 ( -1.0, -1.0)=   -5 
     76 | (148.0, 82.0)= 5185 (153.8, 82.2)=    0 ( -1.0, -1.0)=   -3 ( -1.0, -1.0)=   -3 ( -1.0, -1.0)=   -3 ( -1.0, -1.0)=   -3 ( -1.0, -1.0)=   -3 ( -1.0, -1.0)=   -3 ( -1.0, -1.0)=   -3 ( -1.0, -1.0)=   -3 
     77 | (263.0, 78.0)= 5088 ( -1.0, -1.0)=   -5 ( -1.0, -1.0)=   -5 ( -1.0, -1.0)=   -5 ( -1.0, -1.0)=   -5 ( -1.0, -1.0)=   -5 ( -1.0, -1.0)=   -5 ( -1.0, -1.0)=   -5 ( -1.0, -1.0)=   -5 ( -1.0, -1.0)=   -5 
     78 | (129.0, 34.0)= 4981 ( -1.0, -1.0)=   -4 ( -1.0, -1.0)=   -4 ( -1.0, -1.0)=   -4 ( -1.0, -1.0)=   -4 ( -1.0, -1.0)=   -4 ( -1.0, -1.0)=   -4 ( -1.0, -1.0)=   -4 ( -1.0, -1.0)=   -4 ( -1.0, -1.0)=   -4 
     79 | (222.0, 77.0)= 4908 ( -1.0, -1.0)=   -5 ( -1.0, -1.0)=   -5 ( -1.0, -1.0)=   -5 ( -1.0, -1.0)=   -5 ( -1.0, -1.0)=   -5 ( -1.0, -1.0)=   -5 ( -1.0, -1.0)=   -5 ( -1.0, -1.0)=   -5 ( -1.0, -1.0)=   -5 
     80 | (241.0, 98.0)= 4788 ( -1.0, -1.0)=   -2 ( -1.0, -1.0)=   -2 ( -1.0, -1.0)=   -2 ( -1.0, -1.0)=   -2 ( -1.0, -1.0)=   -2 ( -1.0, -1.0)=   -2 ( -1.0, -1.0)=   -2 ( -1.0, -1.0)=   -2 ( -1.0, -1.0)=   -2 
     81 | ( 91.0, 29.0)= 4715 ( -1.0, -1.0)=   -4 ( -1.0, -1.0)=   -4 ( -1.0, -1.0)=   -4 ( -1.0, -1.0)=   -4 ( -1.0, -1.0)=   -4 ( -1.0, -1.0)=   -4 ( -1.0, -1.0)=   -4 ( -1.0, -1.0)=   -4 ( -1.0, -1.0)=   -4 
     82 | (163.0,192.0)= 4687 ( -1.0, -1.0)=   -5 ( -1.0, -1.0)=   -5 ( -1.0, -1.0)=   -5 ( -1.0, -1.0)=   -5 ( -1.0, -1.0)=   -5 ( -1.0, -1.0)=   -5 ( -1.0, -1.0)=   -5 ( -1.0, -1.0)=   -5 ( -1.0, -1.0)=   -5 
     83 | (102.0,159.0)= 4604 ( -1.0, -1.0)=   -2 ( -1.0, -1.0)=   -2 ( -1.0, -1.0)=   -2 ( -1.0, -1.0)=   -2 ( -1.0, -1.0)=   -2 ( -1.0, -1.0)=   -2 ( -1.0, -1.0)=   -2 ( -1.0, -1.0)=   -2 ( -1.0, -1.0)=   -2 
     84 | ( 95.0,142.0)= 4590 ( -1.0, -1.0)=   -5 ( -1.0, -1.0)=   -5 ( -1.0, -1.0)=   -5 ( -1.0, -1.0)=   -5 ( -1.0, -1.0)=   -5 ( -1.0, -1.0)=   -5 ( -1.0, -1.0)=   -5 ( -1.0, -1.0)=   -5 ( -1.0, -1.0)=   -5 
     85 | ( 92.0, 81.0)= 4586 ( -1.0, -1.0)=   -5 ( -1.0, -1.0)=   -5 ( -1.0, -1.0)=   -5 ( -1.0, -1.0)=   -5 ( -1.0, -1.0)=   -5 ( -1.0, -1.0)=   -5 ( -1.0, -1.0)=   -5 ( -1.0, -1.0)=   -5 ( -1.0, -1.0)=   -5 
     86 | (120.0,172.0)= 4510 ( -1.0, -1.0)=   -3 ( -1.0, -1.0)=   -3 ( -1.0, -1.0)=   -3 ( -1.0, -1.0)=   -3 ( -1.0, -1.0)=   -3 ( -1.0, -1.0)=   -3 ( -1.0, -1.0)=   -3 ( -1.0, -1.0)=   -3 ( -1.0, -1.0)=   -3 
     87 | (269.0, 34.0)= 4446 ( -1.0, -1.0)=   -4 ( -1.0, -1.0)=   -4 ( -1.0, -1.0)=   -4 ( -1.0, -1.0)=   -4 ( -1.0, -1.0)=   -4 ( -1.0, -1.0)=   -4 ( -1.0, -1.0)=   -4 ( -1.0, -1.0)=   -4 ( -1.0, -1.0)=   -4 
     88 | ( 74.0,190.0)= 4379 ( -1.0, -1.0)=   -4 ( -1.0, -1.0)=   -4 ( -1.0, -1.0)=   -4 ( -1.0, -1.0)=   -4 ( -1.0, -1.0)=   -4 ( -1.0, -1.0)=   -4 ( -1.0, -1.0)=   -4 ( -1.0, -1.0)=   -4 ( -1.0, -1.0)=   -4 
     89 | (126.0, 45.0)= 4339 ( -1.0, -1.0)=   -4 ( -1.0, -1.0)=   -4 ( -1.0, -1.0)=   -4 ( -1.0, -1.0)=   -4 ( -1.0, -1.0)=   -4 ( -1.0, -1.0)=   -4 ( -1.0, -1.0)=   -4 ( -1.0, -1.0)=   -4 ( -1.0, -1.0)=   -4 
     90 | (127.0, 77.0)= 4325 ( -1.0, -1.0)=   -4 ( -1.0, -1.0)=   -4 ( -1.0, -1.0)=   -4 ( -1.0, -1.0)=   -4 ( -1.0, -1.0)=   -4 ( -1.0, -1.0)=   -4 ( -1.0, -1.0)=   -4 ( -1.0, -1.0)=   -4 ( -1.0, -1.0)=   -4 
     91 | (120.0,162.0)= 4233 ( -1.0, -1.0)=   -2 ( -1.0, -1.0)=   -2 ( -1.0, -1.0)=   -2 ( -1.0, -1.0)=   -2 ( -1.0, -1.0)=   -2 ( -1.0, -1.0)=   -2 ( -1.0, -1.0)=   -2 ( -1.0, -1.0)=   -2 ( -1.0, -1.0)=   -2 
     92 | (120.0,142.0)= 4215 ( -1.0, -1.0)=   -5 ( -1.0, -1.0)=   -5 ( -1.0, -1.0)=   -5 ( -1.0, -1.0)=   -5 ( -1.0, -1.0)=   -5 ( -1.0, -1.0)=   -5 ( -1.0, -1.0)=   -5 ( -1.0, -1.0)=   -5 ( -1.0, -1.0)=   -5 
     93 | (140.0,126.0)= 4108 ( -1.0, -1.0)=   -5 ( -1.0, -1.0)=   -5 ( -1.0, -1.0)=   -5 ( -1.0, -1.0)=   -5 ( -1.0, -1.0)=   -5 ( -1.0, -1.0)=   -5 ( -1.0, -1.0)=   -5 ( -1.0, -1.0)=   -5 ( -1.0, -1.0)=   -5 
     94 | (244.0,193.0)= 3912 ( -1.0, -1.0)=   -3 ( -1.0, -1.0)=   -3 ( -1.0, -1.0)=   -3 ( -1.0, -1.0)=   -3 ( -1.0, -1.0)=   -3 ( -1.0, -1.0)=   -3 ( -1.0, -1.0)=   -3 ( -1.0, -1.0)=   -3 ( -1.0, -1.0)=   -3 
     95 | ( 87.0,157.0)= 3877 ( -1.0, -1.0)=   -4 ( -1.0, -1.0)=   -4 ( -1.0, -1.0)=   -4 ( -1.0, -1.0)=   -4 ( -1.0, -1.0)=   -4 ( -1.0, -1.0)=   -4 ( -1.0, -1.0)=   -4 ( -1.0, -1.0)=   -4 ( -1.0, -1.0)=   -4 
     96 | (263.0,110.0)= 3837 (260.8,109.9)=    0 ( -1.0, -1.0)=   -5 ( -1.0, -1.0)=   -5 ( -1.0, -1.0)=   -5 ( -1.0, -1.0)=   -5 ( -1.0, -1.0)=   -5 ( -1.0, -1.0)=   -5 ( -1.0, -1.0)=   -5 ( -1.0, -1.0)=   -5 
     97 | (286.0, 60.0)= 3799 (285.8, 60.0)=    0 ( -1.0, -1.0)=   -5 ( -1.0, -1.0)=   -5 ( -1.0, -1.0)=   -5 ( -1.0, -1.0)=   -5 ( -1.0, -1.0)=   -5 ( -1.0, -1.0)=   -5 ( -1.0, -1.0)=   -5 ( -1.0, -1.0)=   -5 
     98 | (150.0,125.0)= 3727 ( -1.0, -1.0)=   -5 ( -1.0, -1.0)=   -5 ( -1.0, -1.0)=   -5 ( -1.0, -1.0)=   -5 ( -1.0, -1.0)=   -5 ( -1.0, -1.0)=   -5 ( -1.0, -1.0)=   -5 ( -1.0, -1.0)=   -5 ( -1.0, -1.0)=   -5 
     99 | (235.0, 66.0)= 3713 ( -1.0, -1.0)=   -5 ( -1.0, -1.0)=   -5 ( -1.0, -1.0)=   -5 ( -1.0, -1.0)=   -5 ( -1.0, -1.0)=   -5 ( -1.0, -1.0)=   -5 ( -1.0, -1.0)=   -5 ( -1.0, -1.0)=   -5 ( -1.0, -1.0)=   -5 
    100 | (157.0, 34.0)= 3638 ( -1.0, -1.0)=   -4 ( -1.0, -1.0)=   -4 ( -1.0, -1.0)=   -4 ( -1.0, -1.0)=   -4 ( -1.0, -1.0)=   -4 ( -1.0, -1.0)=   -4 ( -1.0, -1.0)=   -4 ( -1.0, -1.0)=   -4 ( -1.0, -1.0)=   -4 
    101 | (259.0,210.0)= 3622 ( -1.0, -1.0)=   -5 ( -1.0, -1.0)=   -5 ( -1.0, -1.0)=   -5 ( -1.0, -1.0)=   -5 ( -1.0, -1.0)=   -5 ( -1.0, -1.0)=   -5 ( -1.0, -1.0)=   -5 ( -1.0, -1.0)=   -5 ( -1.0, -1.0)=   -5 
    102 | ( 79.0,210.0)= 3569 ( -1.0, -1.0)=   -4 ( -1.0, -1.0)=   -4 ( -1.0, -1.0)=   -4 ( -1.0, -1.0)=   -4 ( -1.0, -1.0)=   -4 ( -1.0, -1.0)=   -4 ( -1.0, -1.0)=   -4 ( -1.0, -1.0)=   -4 ( -1.0, -1.0)=   -4 
    103 | (138.0, 77.0)= 3551 ( -1.0, -1.0)=   -5 ( -1.0, -1.0)=   -5 ( -1.0, -1.0)=   -5 ( -1.0, -1.0)=   -5 ( -1.0, -1.0)=   -5 ( -1.0, -1.0)=   -5 ( -1.0, -1.0)=   -5 ( -1.0, -1.0)=   -5 ( -1.0, -1.0)=   -5 
    104 | (290.0, 50.0)= 3460 ( -1.0, -1.0)=   -5 ( -1.0, -1.0)=   -5 ( -1.0, -1.0)=   -5 ( -1.0, -1.0)=   -5 ( -1.0, -1.0)=   -5 ( -1.0, -1.0)=   -5 ( -1.0, -1.0)=   -5 ( -1.0, -1.0)=   -5 ( -1.0, -1.0)=   -5 
    105 | (274.0,125.0)= 3439 ( -1.0, -1.0)=   -5 ( -1.0, -1.0)=   -5 ( -1.0, -1.0)=   -5 ( -1.0, -1.0)=   -5 ( -1.0, -1.0)=   -5 ( -1.0, -1.0)=   -5 ( -1.0, -1.0)=   -5 ( -1.0, -1.0)=   -5 ( -1.0, -1.0)=   -5 
    106 | (130.0,125.0)= 3398 ( -1.0, -1.0)=   -5 ( -1.0, -1.0)=   -5 ( -1.0, -1.0)=   -5 ( -1.0, -1.0)=   -5 ( -1.0, -1.0)=   -5 ( -1.0, -1.0)=   -5 ( -1.0, -1.0)=   -5 ( -1.0, -1.0)=   -5 ( -1.0, -1.0)=   -5 
    107 | (256.0,178.0)= 3294 (252.8,178.0)=    0 (249.4,177.8)=    0 (246.1,177.9)=    0 (242.8,177.8)=    0 (239.2,177.7)=    0 (236.1,177.8)=    0 ( -1.0, -1.0)=   -5 ( -1.0, -1.0)=   -5 ( -1.0, -1.0)=   -5 
    108 | (204.0,206.0)= 3243 ( -1.0, -1.0)=   -4 ( -1.0, -1.0)=   -4 ( -1.0, -1.0)=   -4 ( -1.0, -1.0)=   -4 ( -1.0, -1.0)=   -4 ( -1.0, -1.0)=   -4 ( -1.0, -1.0)=   -4 ( -1.0, -1.0)=   -4 ( -1.0, -1.0)=   -4 
    109 | ( 31.0,173.0)= 3218 ( -1.0, -1.0)=   -5 ( -1.0, -1.0)=   -5 ( -1.0, -1.0)=   -5 ( -1.0, -1.0)=   -5 ( -1.0, -1.0)=   -5 ( -1.0, -1.0)=   -5 ( -1.0, -1.0)=   -5 ( -1.0, -1.0)=   -5 ( -1.0, -1.0)=   -5 
    110 | (132.0,173.0)= 3215 ( -1.0, -1.0)=   -5 ( -1.0, -1.0)=   -5 ( -1.0, -1.0)=   -5 ( -1.0, -1.0)=   -5 ( -1.0, -1.0)=   -5 ( -1.0, -1.0)=   -5 ( -1.0, -1.0)=   -5 ( -1.0, -1.0)=   -5 ( -1.0, -1.0)=   -5 
    111 | (119.0, 92.0)= 3200 ( -1.0, -1.0)=   -4 ( -1.0, -1.0)=   -4 ( -1.0, -1.0)=   -4 ( -1.0, -1.0)=   -4 ( -1.0, -1.0)=   -4 ( -1.0, -1.0)=   -4 ( -1.0, -1.0)=   -4 ( -1.0, -1.0)=   -4 ( -1.0, -1.0)=   -4 
    112 | ( 67.0,145.0)= 3007 ( -1.0, -1.0)=   -5 ( -1.0, -1.0)=   -5 ( -1.0, -1.0)=   -5 ( -1.0, -1.0)=   -5 ( -1.0, -1.0)=   -5 ( -1.0, -1.0)=   -5 ( -1.0, -1.0)=   -5 ( -1.0, -1.0)=   -5 ( -1.0, -1.0)=   -5 
    113 | (208.0, 34.0)= 2978 ( -1.0, -1.0)=   -4 ( -1.0, -1.0)=   -4 ( -1.0, -1.0)=   -4 ( -1.0, -1.0)=   -4 ( -1.0, -1.0)=   -4 ( -1.0, -1.0)=   -4 ( -1.0, -1.0)=   -4 ( -1.0, -1.0)=   -4 ( -1.0, -1.0)=   -4 
    114 | (272.0,140.0)= 2870 ( -1.0, -1.0)=   -5 ( -1.0, -1.0)=   -5 ( -1.0, -1.0)=   -5 ( -1.0, -1.0)=   -5 ( -1.0, -1.0)=   -5 ( -1.0, -1.0)=   -5 ( -1.0, -1.0)=   -5 ( -1.0, -1.0)=   -5 ( -1.0, -1.0)=   -5 
    115 | (284.0,125.0)= 2766 ( -1.0, -1.0)=   -5 ( -1.0, -1.0)=   -5 ( -1.0, -1.0)=   -5 ( -1.0, -1.0)=   -5 ( -1.0, -1.0)=   -5 ( -1.0, -1.0)=   -5 ( -1.0, -1.0)=   -5 ( -1.0, -1.0)=   -5 ( -1.0, -1.0)=   -5 
    116 | (146.0, 35.0)= 2766 ( -1.0, -1.0)=   -4 ( -1.0, -1.0)=   -4 ( -1.0, -1.0)=   -4 ( -1.0, -1.0)=   -4 ( -1.0, -1.0)=   -4 ( -1.0, -1.0)=   -4 ( -1.0, -1.0)=   -4 ( -1.0, -1.0)=   -4 ( -1.0, -1.0)=   -4 
    117 | ( 57.0,161.0)= 2741 ( -1.0, -1.0)=   -4 ( -1.0, -1.0)=   -4 ( -1.0, -1.0)=   -4 ( -1.0, -1.0)=   -4 ( -1.0, -1.0)=   -4 ( -1.0, -1.0)=   -4 ( -1.0, -1.0)=   -4 ( -1.0, -1.0)=   -4 ( -1.0, -1.0)=   -4 
    118 | (131.0, 66.0)= 2724 ( -1.0, -1.0)=   -4 ( -1.0, -1.0)=   -4 ( -1.0, -1.0)=   -4 ( -1.0, -1.0)=   -4 ( -1.0, -1.0)=   -4 ( -1.0, -1.0)=   -4 ( -1.0, -1.0)=   -4 ( -1.0, -1.0)=   -4 ( -1.0, -1.0)=   -4 
    119 | ( 32.0,109.0)= 2693 ( -1.0, -1.0)=   -3 ( -1.0, -1.0)=   -3 ( -1.0, -1.0)=   -3 ( -1.0, -1.0)=   -3 ( -1.0, -1.0)=   -3 ( -1.0, -1.0)=   -3 ( -1.0, -1.0)=   -3 ( -1.0, -1.0)=   -3 ( -1.0, -1.0)=   -3 
    120 | ( 45.0, 67.0)= 2600 ( 45.1, 67.0)=    0 ( -1.0, -1.0)=   -3 ( -1.0, -1.0)=   -3 ( -1.0, -1.0)=   -3 ( -1.0, -1.0)=   -3 ( -1.0, -1.0)=   -3 ( -1.0, -1.0)=   -3 ( -1.0, -1.0)=   -3 ( -1.0, -1.0)=   -3 
    121 | (262.0, 51.0)= 2506 (260.0, 51.3)=    0 ( -1.0, -1.0)=   -5 ( -1.0, -1.0)=   -5 ( -1.0, -1.0)=   -5 ( -1.0, -1.0)=   -5 ( -1.0, -1.0)=   -5 ( -1.0, -1.0)=   -5 ( -1.0, -1.0)=   -5 ( -1.0, -1.0)=   -5 
    122 | (129.0,110.0)= 2361 ( -1.0, -1.0)=   -5 ( -1.0, -1.0)=   -5 ( -1.0, -1.0)=   -5 ( -1.0, -1.0)=   -5 ( -1.0, -1.0)=   -5 ( -1.0, -1.0)=   -5 ( -1.0, -1.0)=   -5 ( -1.0, -1.0)=   -5 ( -1.0, -1.0)=   -5 
    123 | (196.0, 78.0)= 2284 ( -1.0, -1.0)=   -5 ( -1.0, -1.0)=   -5 ( -1.0, -1.0)=   -5 ( -1.0, -1.0)=   -5 ( -1.0, -1.0)=   -5 ( -1.0, -1.0)=   -5 ( -1.0, -1.0)=   -5 ( -1.0, -1.0)=   -5 ( -1.0, -1.0)=   -5 
    124 | ( 84.0,190.0)= 2211 ( -1.0, -1.0)=   -5 ( -1.0, -1.0)=   -5 ( -1.0, -1.0)=   -5 ( -1.0, -1.0)=   -5 ( -1.0, -1.0)=   -5 ( -1.0, -1.0)=   -5 ( -1.0, -1.0)=   -5 ( -1.0, -1.0)=   -5 ( -1.0, -1.0)=   -5 
    125 | ( 94.0,129.0)= 2208 ( -1.0, -1.0)=   -5 ( -1.0, -1.0)=   -5 ( -1.0, -1.0)=   -5 ( -1.0, -1.0)=   -5 ( -1.0, -1.0)=   -5 ( -1.0, -1.0)=   -5 ( -1.0, -1.0)=   -5 ( -1.0, -1.0)=   -5 ( -1.0, -1.0)=   -5 
    126 | ( 51.0,174.0)= 2195 ( -1.0, -1.0)=   -5 ( -1.0, -1.0)=   -5 ( -1.0, -1.0)=   -5 ( -1.0, -1.0)=   -5 ( -1.0, -1.0)=   -5 ( -1.0, -1.0)=   -5 ( -1.0, -1.0)=   -5 ( -1.0, -1.0)=   -5 ( -1.0, -1.0)=   -5 
    127 | (189.0,109.0)= 2191 ( -1.0, -1.0)=   -5 ( -1.0, -1.0)=   -5 ( -1.0, -1.0)=   -5 ( -1.0, -1.0)=   -5 ( -1.0, -1.0)=   -5 ( -1.0, -1.0)=   -5 ( -1.0, -1.0)=   -5 ( -1.0, -1.0)=   -5 ( -1.0, -1.0)=   -5 
    128 | ( 51.0, 77.0)= 2165 ( -1.0, -1.0)=   -5 ( -1.0, -1.0)=   -5 ( -1.0, -1.0)=   -5 ( -1.0, -1.0)=   -5 ( -1.0, -1.0)=   -5 ( -1.0, -1.0)=   -5 ( -1.0, -1.0)=   -5 ( -1.0, -1.0)=   -5 ( -1.0, -1.0)=   -5 
    129 | (256.0, 29.0)= 2099 ( -1.0, -1.0)=   -4 ( -1.0, -1.0)=   -4 ( -1.0, -1.0)=   -4 ( -1.0, -1.0)=   -4 ( -1.0, -1.0)=   -4 ( -1.0, -1.0)=   -4 ( -1.0, -1.0)=   -4 ( -1.0, -1.0)=   -4 ( -1.0, -1.0)=   -4 
    130 | (116.0, 46.0)= 2040 ( -1.0, -1.0)=   -4 ( -1.0, -1.0)=   -4 ( -1.0, -1.0)=   -4 ( -1.0, -1.0)=   -4 ( -1.0, -1.0)=   -4 ( -1.0, -1.0)=   -4 ( -1.0, -1.0)=   -4 ( -1.0, -1.0)=   -4 ( -1.0, -1.0)=   -4 
    131 | (205.0, 97.0)= 2033 ( -1.0, -1.0)=   -2 ( -1.0, -1.0)=   -2 ( -1.0, -1.0)=   -2 ( -1.0, -1.0)=   -2 ( -1.0, -1.0)=   -2 ( -1.0, -1.0)=   -2 ( -1.0, -1.0)=   -2 ( -1.0, -1.0)=   -2 ( -1.0, -1.0)=   -2 
    132 | ( 84.0,130.0)= 2031 ( 79.2,130.0)=    0 ( 66.5,113.9)=    0 ( -1.0, -1.0)=   -5 ( -1.0, -1.0)=   -5 ( -1.0, -1.0)=   -5 ( -1.0, -1.0)=   -5 ( -1.0, -1.0)=   -5 ( -1.0, -1.0)=   -5 ( -1.0, -1.0)=   -5 
    133 | (225.0, 49.0)= 2027 ( -1.0, -1.0)=   -4 ( -1.0, -1.0)=   -4 ( -1.0, -1.0)=   -4 ( -1.0, -1.0)=   -4 ( -1.0, -1.0)=   -4 ( -1.0, -1.0)=   -4 ( -1.0, -1.0)=   -4 ( -1.0, -1.0)=   -4 ( -1.0, -1.0)=   -4 
    134 | (233.0,109.0)= 2006 ( -1.0, -1.0)=   -5 ( -1.0, -1.0)=   -5 ( -1.0, -1.0)=   -5 ( -1.0, -1.0)=   -5 ( -1.0, -1.0)=   -5 ( -1.0, -1.0)=   -5 ( -1.0, -1.0)=   -5 ( -1.0, -1.0)=   -5 ( -1.0, -1.0)=   -5 
    135 | (254.0,125.0)= 1971 ( -1.0, -1.0)=   -5 ( -1.0, -1.0)=   -5 ( -1.0, -1.0)=   -5 ( -1.0, -1.0)=   -5 ( -1.0, -1.0)=   -5 ( -1.0, -1.0)=   -5 ( -1.0, -1.0)=   -5 ( -1.0, -1.0)=   -5 ( -1.0, -1.0)=   -5 
    136 | (174.0,193.0)= 1949 (166.8,193.5)=    0 (163.6,193.2)=    0 (160.5,192.9)=    0 (154.6,193.1)=    0 (146.9,193.5)=    0 ( -1.0, -1.0)=   -5 ( -1.0, -1.0)=   -5 ( -1.0, -1.0)=   -5 ( -1.0, -1.0)=   -5 
    137 | ( 99.0, 51.0)= 1923 ( 88.9, 51.0)=    0 ( 85.0, 51.2)=    0 ( -1.0, -1.0)=   -3 ( -1.0, -1.0)=   -3 ( -1.0, -1.0)=   -3 ( -1.0, -1.0)=   -3 ( -1.0, -1.0)=   -3 ( -1.0, -1.0)=   -3 ( -1.0, -1.0)=   -3 
    138 | ( 75.0,114.0)= 1827 ( -1.0, -1.0)=   -5 ( -1.0, -1.0)=   -5 ( -1.0, -1.0)=   -5 ( -1.0, -1.0)=   -5 ( -1.0, -1.0)=   -5 ( -1.0, -1.0)=   -5 ( -1.0, -1.0)=   -5 ( -1.0, -1.0)=   -5 ( -1.0, -1.0)=   -5 
    139 | (121.0, 60.0)= 1827 ( -1.0, -1.0)=   -3 ( -1.0, -1.0)=   -3 ( -1.0, -1.0)=   -3 ( -1.0, -1.0)=   -3 ( -1.0, -1.0)=   -3 ( -1.0, -1.0)=   -3 ( -1.0, -1.0)=   -3 ( -1.0, -1.0)=   -3 ( -1.0, -1.0)=   -3 
    140 | (130.0,146.0)= 1793 ( -1.0, -1.0)=   -3 ( -1.0, -1.0)=   -3 ( -1.0, -1.0)=   -3 ( -1.0, -1.0)=   -3 ( -1.0, -1.0)=   -3 ( -1.0, -1.0)=   -3 ( -1.0, -1.0)=   -3 ( -1.0, -1.0)=   -3 ( -1.0, -1.0)=   -3 
    141 | (249.0,209.0)= 1769 (244.2,208.8)=    0 ( -1.0, -1.0)=   -4 ( -1.0, -1.0)=   -4 ( -1.0, -1.0)=   -4 ( -1.0, -1.0)=   -4 ( -1.0, -1.0)=   -4 ( -1.0, -1.0)=   -4 ( -1.0, -1.0)=   -4 ( -1.0, -1.0)=   -4 
    142 | (191.0,157.0)= 1667 ( -1.0, -1.0)=   -2 ( -1.0, -1.0)=   -2 ( -1.0, -1.0)=   -2 ( -1.0, -1.0)=   -2 ( -1.0, -1.0)=   -2 ( -1.0, -1.0)=   -2 ( -1.0, -1.0)=   -2 ( -1.0, -1.0)=   -2 ( -1.0, -1.0)=   -2 
    143 | (242.0, 44.0)= 1625 (283.7, 60.1)=    0 ( -1.0, -1.0)=   -5 ( -1.0, -1.0)=   -5 ( -1.0, -1.0)=   -5 ( -1.0, -1.0)=   -5 ( -1.0, -1.0)=   -5 ( -1.0, -1.0)=   -5 ( -1.0, -1.0)=   -5 ( -1.0, -1.0)=   -5 
    144 | (205.0,130.0)= 1564 (201.5,130.6)=    0 ( -1.0, -1.0)=   -3 ( -1.0, -1.0)=   -3 ( -1.0, -1.0)=   -3 ( -1.0, -1.0)=   -3 ( -1.0, -1.0)=   -3 ( -1.0, -1.0)=   -3 ( -1.0, -1.0)=   -3 ( -1.0, -1.0)=   -3 
    145 | (161.0,129.0)= 1549 (162.1,129.1)=    0 ( -1.0, -1.0)=   -3 ( -1.0, -1.0)=   -3 ( -1.0, -1.0)=   -3 ( -1.0, -1.0)=   -3 ( -1.0, -1.0)=   -3 ( -1.0, -1.0)=   -3 ( -1.0, -1.0)=   -3 ( -1.0, -1.0)=   -3 
    146 | (100.0, 61.0)= 1536 ( 95.6, 68.2)=    0 ( 91.4, 68.3)=    0 ( 86.1, 69.3)=    0 ( 98.2, 68.4)=    0 ( -1.0, -1.0)=   -4 ( -1.0, -1.0)=   -4 ( -1.0, -1.0)=   -4 ( -1.0, -1.0)=   -4 ( -1.0, -1.0)=   -4 
    147 | ( 73.0,177.0)= 1482 ( -1.0, -1.0)=   -4 ( -1.0, -1.0)=   -4 ( -1.0, -1.0)=   -4 ( -1.0, -1.0)=   -4 ( -1.0, -1.0)=   -4 ( -1.0, -1.0)=   -4 ( -1.0, -1.0)=   -4 ( -1.0, -1.0)=   -4 ( -1.0, -1.0)=   -4 
    148 | (109.0, 91.0)= 1415 ( -1.0, -1.0)=   -4 ( -1.0, -1.0)=   -4 ( -1.0, -1.0)=   -4 ( -1.0, -1.0)=   -4 ( -1.0, -1.0)=   -4 ( -1.0, -1.0)=   -4 ( -1.0, -1.0)=   -4 ( -1.0, -1.0)=   -4 ( -1.0, -1.0)=   -4 
    149 | (205.0,161.0)= 1341 ( -1.0, -1.0)=   -2 ( -1.0, -1.0)=   -2 ( -1.0, -1.0)=   -2 ( -1.0, -1.0)=   -2 ( -1.0, -1.0)=   -2 ( -1.0, -1.0)=   -2 ( -1.0, -1.0)=   -2 ( -1.0, -1.0)=   -2 ( -1.0, -1.0)=   -2 
